46
48
51
54
57
58
61
64
67
70
73
75
78
81
84
87
90
94
97
99
102
106
110
112
114
117
120
123
125
129
133
137
140
143
147
151
153
156
158
161
163
165
168
171
174
177
181
185
188
191
194
196
199
202
205
208
210
213
216
219
221
225
228
231
234
236
240
243
245
249
253
255
258
262
264
268
271
275
278
281
285
287
290
292
295
297
300
304
307
310
313
317
320
323
326
328
330
333
336
339
342
346
349
352
356
359
362
365
368
370
372
376
378
381
384
387
390
394
397
400
403
406
410
414
417
419
422
425
428
431
434
436
438
441
444
448
452
456
458
460
462
465
468
471
474
477
481
484
488
490
492
496
499
502
505
509
511
514
517
519
521
525
528
531
534
538
541
543
546
549
552
556
559
562
566
569
572
574
578
581
583
587
591
593
594
596
600
603
606
610
614
617
620
622
625
628
632
635
638
641
643
645
648
653
656
658
661
665
667
670
673
676
678
681
685
689
693
695
698
699
702
705
708
711
714
717
720
724
728
730
732
736
740
742
745
748
752
755
758
760
762
766
769
772
774
777
781
784
787
790
792
796
799
802
806
810
812
815
819
822
823
826
830
831
834
837
840
844
847
849
854
857
860
863
865
867
870
874
878
881
883
886
890
893
896
899
902
905
907
909
912
916
920
923
925
927
930
932
936
939
943
946
948
952
956
960
962
965
967
970
974
977
979
983
986
989
993
996
998
1000
1004
1008
1010
1013
1016
1018
1020
1024
1027
1030
1033
1037
1041
1044
1047
1050
1052
1055
1058
1062
1065
1068
1071
1074
1076
1078
1081
1086
1089
1092
1094
1096
1099
1103
1106
1109
1112
1114
1117
1121
1123
1125
1128
1132
1136
1139
1141
1144
1147
1149
1152
1156
1159
1162
1165
1169
1172
1175
1178
1181
1185
1187
1189
1192
1195
1197
1201
1205
1208
1210
1213
1215
1219
1222
1224
1227
1230
1234
1237
1239
1243
1246
1249
1253
1256
1259
1261
1263
1267
1269
1273
1277
1279
1281
1285
1289
1291
1294
1297
1299
1303
1306
1308
1311
1315
1319
1322
1325
1328
1330
1333
1337
1340
1342
1345
1348
1351
1353
1356
1359
1362
1366
1369
1372
1376
1379
1382
1383
1386
1389
1393
1396
1399
1401
1403
1407
1411
1415
1418
1421
1423
1426
1428
1432
1435
1438
1442
1444
1447
1451
1454
1457
1459
1461
1464
1467
1470
1474
1477
1480
1483
1486
1491
1494
1497
1499
1502
1505
1507
1511
1515
1518
1521
1524
1526
1529
1531
1534
1537
1540
1544
1546
1550
1552
1555
1557
1561
1565
1567
1570
1573
1575
1578
1582
1585
1588
1591
1594
1596
1600
1604
1608
1611
1614
1616
1619
1622
1624
1627
1631
1634
1637
1640
1643
1647
1649
1652
1655
1658
1661
1664
1667
1671
1674
1677
1679
1682
1685
1688
1692
1695
1697
1698
1701
1705
1709
1711
1713
1716
1718
1721
1724
1727
1731
1735
1738
1743
1746
1749
1751
1754
1757
1759
1761
1765
1769
1771
1774
1779
1782
1785
1788
1790
1792
1795
1799
1802
1804
1807
1811
1814
1817
1821
1824
1827
1829
1832
1835
1839
1842
1845
1848
1850
1852
1854
1857
1859
1862
1867
1870
1872
1876
1880
1883
1886
1889
1891
1893
1897
1901
1905
1907
1909
1913
1917
1920
1921
1924
1928
1931
1934
1937
1939
1941
1945
1949
1952
1955
1958
1961
1963
1966
1969
1972
1976
1979
1982
1985
1987
1990
1993
1996
1999
2002
2005
2008
2011
2015
2018
2021
2023
2026
2030
2032
2035
2038
2042
2044
2046
2050
2054
2056
2059
2062
2064
2066
2070
2073
2076
2080
2083
2086
2090
2094
2097
2099
2102
2106
2109
2111
2113
2116
2118
2121
2125
2128
2130
2134
2137
2140
2143
2145
2148
2151
2154
2157
2161
2164
2167
2171
2173
2175
2178
2181
2184
2188
2191
2193
2196
2200
2203
2205
2209
2212
2215
2218
2221
2223
2226
2229
2232
2235
2239
2241
2244
2247
2250
2254
2257
2260
2262
2266
2269
2272
2275
2279
2281
2284
2287
2289
2292
2296
2299
2302
2305
2308
2310
2313
2317
2320
2323
2326
2330
2333
2335
2338
2342
2345
2348
2350
2352
2355
2358
2360
2363
2366
2370
2374
2378
2380
2383
2386
2390
2393
2397
2400
2402
2404
2407
2409
2412
2416
2419
2422
2425
2428
2432
2435
2438
2441
2444
2446
2448
2452
2456
2459
2461
2463
2466
2469
2471
2475
2480
2482
2485
2488
2491
2494
2496
2499
2502
2505
2507
2511
2513
2517
2520
2523
2527
2530
2533
2536
2540
2542
2544
2547
2550
2554
2558
2561
2564
2567
2570
2572
2575
2577
2580
2584
2587
2590
2592
2595
2600
2604
2609
